STF_01	23	1	15	30	3
STF_02	14	1	10	20	4
STF_06	20	1	13	30	1.5
STF_08	18	1	11	25	6
STF_09	19	1	13	25	3
STF_10	21	1	13	30	5
STF_11	18	1	13	25	1.5
STF_12	23	1	12	30	3
STF_13	21	1	13	30	1
STF_16	23	1	11	30	4
STF_17	16	1	8	25	2	
STF_18	22	1	13	30	1
STF_19	22	1	12	30	4
STF_20	17	1	8	20	4
MR_250250	24	1	12	30	4
MR_293293	24	1	11	30	4
MR_119119	22	1	10	30	3
MR_054054	16	1	8	20	4
MR_104104	25	1	12	30	2.5
MR_236236	25	1	13	30	4
MR_269269	24	1	13	30	1
MR_087087	20	1	10	30	2
MR_091091	21	1	12	25	1
MR_124124	18	1	10	25	1
MR_126126	25	1	12	30	3
MR_042042	18	1	11	25	4
MR_262262	23	1	11	30	4
MR_160160	14	1	7	20	3
